0 -4.894966
1 -3.892757
2 -3.138883
3 -2.497543
4 -1.973425
5 -1.669021
6 -1.509663
7 -1.434726
8 -1.375217
9 -1.326750
10 -1.291970
11 -1.274368
12 -1.264621
13 -1.249435
14 -1.234976
15 -1.235503
16 -1.226177
17 -1.225811
18 -1.223931
19 -1.222336
20 -1.228956
21 -1.232289
22 -1.217720
23 -1.216241
24 -1.228880
25 -1.211225
26 -1.209881
27 -1.208817
28 -1.228736
29 -1.206587
30 -1.201287
31 -1.200591
32 -1.196332
33 -1.192444
34 -1.205041
35 -1.191539
36 -1.183484
37 -1.211614
38 -1.185807
39 -1.187990
40 -1.185469
41 -1.187745
42 -1.183070
43 -1.180970
44 -1.175586
45 -1.180495
46 -1.191659
47 -1.216089
48 -1.200880
49 -1.177988
50 -1.204552
51 -1.185095
52 -1.176668
53 -1.194838
54 -1.173927
55 -1.218401
56 -1.207695
57 -1.196800
58 -1.210242
59 -1.198375
60 -1.170139
61 -1.166513
62 -1.173916
63 -1.179619
64 -1.163593
65 -1.199963
66 -1.195996
67 -1.207575
68 -1.209958
69 -1.203043
70 -1.165237
71 -1.153331
72 -1.163266
73 -1.160758
74 -1.157692
75 -1.191247
76 -1.171234
77 -1.158426
78 -1.157034
79 -1.168706
80 -1.146780
81 -1.156101
82 -1.163613
83 -1.151696
84 -1.155426
85 -1.203545
86 -1.196542
87 -1.164063
88 -1.168896
89 -1.155093
90 -1.160650
91 -1.162822
92 -1.158357
93 -1.151603
94 -1.158928
95 -1.158121
96 -1.166230
97 -1.157998
98 -1.166420
99 -1.167011
100 -1.159822
101 -1.158838
102 -1.157866
103 -1.159418
104 -1.153780
105 -1.154651
106 -1.152774
107 -1.155461
108 -1.152559
109 -1.150679
110 -1.151442
111 -1.151613
112 -1.216608
113 -1.186950
114 -1.141054
115 -1.129956
116 -1.144910
117 -1.139295
118 -1.130805
119 -1.130309
120 -1.138555
121 -1.133284
122 -1.138666
123 -1.130783
124 -1.128197
125 -1.140274
126 -1.133475
127 -1.141872
128 -1.142329
129 -1.129635
130 -1.123754
131 -1.138123
132 -1.136803
133 -1.128604
134 -1.125812
135 -1.136154
136 -1.130400
137 -1.136438
138 -1.158572
139 -1.161312
140 -1.140822
141 -1.120479
142 -1.195639
143 -1.126078
144 -1.127616
145 -1.218432
146 -1.162455
147 -1.128323
148 -1.149283
149 -1.125811
150 -1.146037
151 -1.122823
152 -1.133579
153 -1.126347
154 -1.117408
155 -1.134475
156 -1.188044
157 -1.124353
158 -1.140736
159 -1.137672
160 -1.135941
161 -1.135382
162 -1.147356
163 -1.150601
164 -1.113288
165 -1.148365
166 -1.112368
167 -1.112153
168 -1.110653
169 -1.132154
170 -1.115820
171 -1.110168
172 -1.110627
173 -1.109417
174 -1.112404
175 -1.111198
176 -1.107844
177 -1.105720
178 -1.108193
179 -1.124762
180 -1.108887
181 -1.110411
182 -1.105717
183 -1.107703
184 -1.105522
185 -1.108933
186 -1.107765
187 -1.109711
188 -1.105850
189 -1.110209
190 -1.108690
191 -1.106978
192 -1.112725
193 -1.103118
194 -1.106422
195 -1.106993
196 -1.105807
197 -1.103175
198 -1.150401
199 -1.101387
200 -1.176803
201 -1.102119
202 -1.108643
203 -1.095030
204 -1.099512
205 -1.101025
206 -1.095980
207 -1.082937
208 -1.096607
209 -1.093345
210 -1.119454
211 -1.089521
212 -1.087719
213 -1.067674
214 -1.089430
215 -1.063089
216 -1.104377
217 -1.096357
218 -1.085306
219 -1.077551
220 -1.086201
221 -1.132734
222 -1.102939
223 -1.085667
224 -1.087975
225 -1.082046
226 -1.133119
227 -1.111456
228 -1.062828
229 -1.062522
230 -1.079695
231 -1.106172
232 -1.050195
233 -1.085024
234 -1.177443
235 -1.106046
236 -1.107199
237 -1.110511
238 -1.120182
239 -1.072847
240 -1.070161
241 -1.079428
242 -1.071295
243 -1.043644
244 -1.082591
245 -1.065263
246 -1.081786
247 -1.066161
248 -1.062697
249 -1.037497
250 -1.062808
251 -1.061173
252 -1.058906
253 -1.057962
254 -1.081762
255 -1.064447
256 -1.033377
257 -1.046507
258 -1.078106
259 -1.034442
260 -1.057293
261 -1.056591
262 -1.055715
263 -1.055152
264 -1.054626
265 -1.054205
266 -1.053807
267 -1.053468
268 -1.053145
269 -1.052859
270 -1.052584
271 -1.052334
272 -1.052093
273 -1.051870
274 -1.051655
275 -1.051454
276 -1.051259
277 -1.051076
278 -1.050898
279 -1.050730
280 -1.050568
281 -1.050413
282 -1.050263
283 -1.050121
284 -1.049982
285 -1.049850
286 -1.049721
287 -1.049599
288 -1.049479
289 -1.049366
290 -1.049254
291 -1.049149
292 -1.049044
293 -1.048946
294 -1.048847
295 -1.048756
296 -1.048662
297 -1.048578
298 -1.048488
299 -1.048411
