0 -2.649256
1 -2.147380
2 -1.798617
3 -1.551485
4 -1.330142
5 -1.148727
6 -1.098474
7 -1.074439
8 -0.999770
9 -0.979092
10 -0.953186
11 -0.968154
12 -0.949414
13 -0.936147
14 -0.928554
15 -0.905774
16 -0.900903
17 -0.890925
18 -0.884859
19 -0.879512
20 -0.868309
21 -0.891416
22 -0.861222
23 -0.839687
24 -0.832562
25 -0.818509
26 -0.801435
27 -0.796918
28 -0.788239
29 -0.790424
30 -0.778798
31 -0.773289
32 -0.779157
33 -0.769151
34 -0.762797
35 -0.756710
36 -0.750984
37 -0.749137
38 -0.745633
39 -0.748837
40 -0.733294
41 -0.736894
42 -0.723746
43 -0.729116
44 -0.726101
45 -0.727130
46 -0.710853
47 -0.711884
48 -0.715150
49 -0.706121
50 -0.703119
51 -0.700188
52 -0.701428
53 -0.714382
54 -0.711756
55 -0.707926
56 -0.705192
57 -0.700769
58 -0.696605
59 -0.695417
60 -0.692422
61 -0.693438
62 -0.698551
63 -0.686684
64 -0.687247
65 -0.685815
66 -0.682911
67 -0.681122
68 -0.678321
69 -0.682572
70 -0.675736
71 -0.674306
72 -0.672038
73 -0.669613
74 -0.673659
75 -0.668550
76 -0.665610
77 -0.663419
78 -0.661490
79 -0.660644
80 -0.659246
81 -0.658456
82 -0.656264
83 -0.655210
84 -0.653056
85 -0.653682
86 -0.651090
87 -0.648981
88 -0.647043
89 -0.644042
90 -0.641552
91 -0.638381
92 -0.635237
93 -0.628094
94 -0.623226
95 -0.621423
96 -0.620698
97 -0.621072
98 -0.619073
99 -0.616992
100 -0.616029
101 -0.616669
102 -0.612697
103 -0.633002
104 -0.609357
105 -0.608575
106 -0.608426
107 -0.607873
108 -0.608396
109 -0.602633
110 -0.603329
111 -0.601339
112 -0.601308
113 -0.599394
114 -0.599505
115 -0.599590
116 -0.594168
117 -0.597016
118 -0.599958
119 -0.594031
120 -0.595292
121 -0.590468
122 -0.593381
123 -0.593347
124 -0.588830
125 -0.588216
126 -0.588365
127 -0.591061
128 -0.587722
129 -0.589353
130 -0.584637
131 -0.588701
132 -0.583745
133 -0.588097
134 -0.580329
135 -0.580700
136 -0.580549
137 -0.583529
138 -0.579081
139 -0.578286
140 -0.578008
141 -0.581203
142 -0.579659
143 -0.578120
144 -0.575548
145 -0.575283
146 -0.574543
147 -0.577107
148 -0.579952
149 -0.574124
150 -0.575725
151 -0.570390
152 -0.570494
153 -0.570782
154 -0.573078
155 -0.577416
156 -0.568774
157 -0.572532
158 -0.568112
159 -0.568459
160 -0.574459
161 -0.566525
162 -0.570468
163 -0.566205
164 -0.569772
165 -0.566846
166 -0.568763
167 -0.565649
168 -0.567266
169 -0.563299
170 -0.565392
171 -0.560545
172 -0.562043
173 -0.562787
174 -0.563242
175 -0.560428
176 -0.564770
177 -0.559375
178 -0.561683
179 -0.556828
180 -0.558463
181 -0.559259
182 -0.559700
183 -0.556390
184 -0.556243
185 -0.559529
186 -0.554351
187 -0.554015
188 -0.555506
189 -0.558205
190 -0.551799
191 -0.551554
192 -0.553624
193 -0.552388
194 -0.553948
195 -0.551834
196 -0.554649
197 -0.552147
198 -0.556327
199 -0.549667
200 -0.547687
201 -0.553092
202 -0.549014
203 -0.548415
204 -0.552357
205 -0.548956
206 -0.550953
207 -0.551024
208 -0.545469
209 -0.544946
210 -0.548390
211 -0.550115
212 -0.546478
213 -0.551007
214 -0.541621
215 -0.540322
216 -0.540532
217 -0.541915
218 -0.545320
219 -0.553774
220 -0.541987
221 -0.539507
222 -0.537181
223 -0.536914
224 -0.531789
225 -0.534668
226 -0.527090
227 -0.530316
228 -0.537027
229 -0.528739
230 -0.538293
231 -0.531652
232 -0.535632
233 -0.535240
234 -0.529176
235 -0.530864
236 -0.530226
237 -0.527874
238 -0.535620
239 -0.533753
240 -0.540181
241 -0.533249
242 -0.538415
243 -0.529167
244 -0.527944
245 -0.527946
246 -0.530959
247 -0.529541
248 -0.536444
249 -0.529682
250 -0.532987
251 -0.526346
252 -0.531853
253 -0.528873
254 -0.536781
255 -0.528521
256 -0.527536
257 -0.531422
258 -0.529646
259 -0.524442
260 -0.529819
261 -0.529598
262 -0.528280
263 -0.534935
264 -0.523747
265 -0.526415
266 -0.525021
267 -0.530722
268 -0.526212
269 -0.526717
270 -0.523797
271 -0.526875
272 -0.530529
273 -0.524492
274 -0.524647
275 -0.525995
276 -0.531893
277 -0.523466
278 -0.525180
279 -0.523103
280 -0.526904
281 -0.525804
282 -0.521812
283 -0.524430
284 -0.522811
285 -0.521625
286 -0.515703
287 -0.521148
288 -0.516612
289 -0.524436
290 -0.519871
291 -0.514221
292 -0.521249
293 -0.516856
294 -0.514248
295 -0.521508
296 -0.517819
297 -0.524461
298 -0.518924
299 -0.518603
