0 -1.744388
1 -1.736301
2 -1.728431
3 -1.719238
4 -1.710829
5 -1.703627
6 -1.694760
7 -1.685213
8 -1.677311
9 -1.672930
10 -1.668691
11 -1.664590
12 -1.660601
13 -1.656662
14 -1.652666
15 -1.648437
16 -1.643776
17 -1.638700
18 -1.633404
19 -1.628239
20 -1.623137
21 -1.618182
22 -1.613591
23 -1.609459
24 -1.605740
25 -1.602254
26 -1.598979
27 -1.595859
28 -1.592773
29 -1.588773
30 -1.584360
31 -1.581597
32 -1.578738
33 -1.575619
34 -1.572218
35 -1.568943
36 -1.565700
37 -1.562494
38 -1.559676
39 -1.557083
40 -1.554535
41 -1.551936
42 -1.549181
43 -1.546149
44 -1.542811
45 -1.539268
46 -1.535493
47 -1.530906
48 -1.525382
49 -1.520399
50 -1.515460
51 -1.511032
52 -1.507487
53 -1.503999
54 -1.500598
55 -1.497360
56 -1.494064
57 -1.490473
58 -1.486509
59 -1.482075
60 -1.477813
61 -1.473836
62 -1.469584
63 -1.465373
64 -1.461233
65 -1.455981
66 -1.448217
67 -1.443169
68 -1.437196
69 -1.432010
70 -1.429294
71 -1.426818
72 -1.424373
73 -1.421973
74 -1.419434
75 -1.416326
76 -1.411433
77 -1.404184
78 -1.398229
79 -1.393771
80 -1.390041
81 -1.386680
82 -1.383354
83 -1.379313
84 -1.375809
85 -1.372348
86 -1.367751
87 -1.364300
88 -1.361530
89 -1.359097
90 -1.356586
91 -1.353937
92 -1.351458
93 -1.349009
94 -1.346438
95 -1.343519
96 -1.339971
97 -1.336439
98 -1.333359
99 -1.330198
100 -1.327243
101 -1.324649
102 -1.321169
103 -1.317401
104 -1.315349
105 -1.313393
106 -1.311168
107 -1.308613
108 -1.305782
109 -1.302142
110 -1.298865
111 -1.295297
112 -1.291356
113 -1.287389
114 -1.284258
115 -1.281734
116 -1.279580
117 -1.277015
118 -1.273851
119 -1.271046
120 -1.269183
121 -1.267491
122 -1.265822
123 -1.264071
124 -1.262154
125 -1.260124
126 -1.258118
127 -1.256143
128 -1.254186
129 -1.252352
130 -1.250734
131 -1.249292
132 -1.247935
133 -1.246613
134 -1.245304
135 -1.244001
136 -1.242705
137 -1.241420
138 -1.240148
139 -1.238886
140 -1.237630
141 -1.236376
142 -1.235113
143 -1.233829
144 -1.232506
145 -1.231118
146 -1.229636
147 -1.228037
148 -1.226329
149 -1.224504
150 -1.222610
151 -1.220780
152 -1.218991
153 -1.217135
154 -1.215054
155 -1.213132
156 -1.211425
157 -1.209771
158 -1.208180
159 -1.206640
160 -1.205017
161 -1.203335
162 -1.201689
163 -1.199815
164 -1.198043
165 -1.196762
166 -1.195573
167 -1.194395
168 -1.193213
169 -1.192023
170 -1.190826
171 -1.189618
172 -1.188380
173 -1.187066
174 -1.185565
175 -1.183658
176 -1.181497
177 -1.179483
178 -1.177333
179 -1.175106
180 -1.173063
181 -1.171054
182 -1.169440
183 -1.167919
184 -1.166372
185 -1.164790
186 -1.163293
187 -1.161957
188 -1.160731
189 -1.159568
190 -1.158443
191 -1.157340
192 -1.156245
193 -1.155146
194 -1.154025
195 -1.152842
196 -1.151503
197 -1.149854
198 -1.148008
199 -1.146243
200 -1.144578
201 -1.143253
202 -1.142060
203 -1.140901
204 -1.139762
205 -1.138643
206 -1.137536
207 -1.136425
208 -1.135276
209 -1.134036
210 -1.132721
211 -1.131456
212 -1.130242
213 -1.129096
214 -1.128016
215 -1.126979
216 -1.125969
217 -1.124973
218 -1.123983
219 -1.122995
220 -1.122005
221 -1.121010
222 -1.120008
223 -1.118998
224 -1.117979
225 -1.116947
226 -1.115892
227 -1.114797
228 -1.113671
229 -1.112587
230 -1.111539
231 -1.110486
232 -1.109414
233 -1.108279
234 -1.106949
235 -1.105287
236 -1.103694
237 -1.102225
238 -1.100699
239 -1.098871
240 -1.096769
241 -1.094961
242 -1.093452
243 -1.092081
244 -1.090787
245 -1.089578
246 -1.088446
247 -1.087363
248 -1.086296
249 -1.085216
250 -1.084088
251 -1.082857
252 -1.081492
253 -1.080040
254 -1.078356
255 -1.076983
256 -1.075833
257 -1.074665
258 -1.073428
259 -1.072102
260 -1.070800
261 -1.069616
262 -1.068441
263 -1.067250
264 -1.066117
265 -1.064996
266 -1.063811
267 -1.062512
268 -1.061227
269 -1.060161
270 -1.059225
271 -1.058339
272 -1.057475
273 -1.056626
274 -1.055784
275 -1.054948
276 -1.054114
277 -1.053281
278 -1.052446
279 -1.051605
280 -1.050751
281 -1.049879
282 -1.048981
283 -1.048060
284 -1.047132
285 -1.046214
286 -1.045309
287 -1.044412
288 -1.043506
289 -1.042562
290 -1.041521
291 -1.040371
292 -1.039186
293 -1.037873
294 -1.036404
295 -1.035352
296 -1.034462
297 -1.033600
298 -1.032751
299 -1.031912
300 -1.031077
301 -1.030245
302 -1.029415
303 -1.028585
304 -1.027754
305 -1.026922
306 -1.026087
307 -1.025250
308 -1.024412
309 -1.023577
310 -1.022748
311 -1.021928
312 -1.021118
313 -1.020317
314 -1.019520
315 -1.018725
316 -1.017928
317 -1.017125
318 -1.016309
319 -1.015470
320 -1.014591
321 -1.013656
322 -1.012655
323 -1.011581
324 -1.010435
325 -1.009365
326 -1.008400
327 -1.007466
328 -1.006527
329 -1.005563
330 -1.004565
331 -1.003530
332 -1.002474
333 -1.001459
334 -1.000531
335 -0.999670
336 -0.998845
337 -0.998038
338 -0.997237
339 -0.996436
340 -0.995631
341 -0.994823
342 -0.994017
343 -0.993220
344 -0.992440
345 -0.991676
346 -0.990928
347 -0.990194
348 -0.989469
349 -0.988753
350 -0.988043
351 -0.987338
352 -0.986638
353 -0.985941
354 -0.985247
355 -0.984556
356 -0.983867
357 -0.983181
358 -0.982496
359 -0.981813
360 -0.981131
361 -0.980451
362 -0.979773
363 -0.979096
364 -0.978421
365 -0.977747
366 -0.977076
367 -0.976406
368 -0.975738
369 -0.975071
370 -0.974407
371 -0.973744
372 -0.973083
373 -0.972423
374 -0.971764
375 -0.971107
376 -0.970450
377 -0.969795
378 -0.969140
379 -0.968486
380 -0.967834
381 -0.967182
382 -0.966531
383 -0.965882
384 -0.965234
385 -0.964588
386 -0.963944
387 -0.963301
388 -0.962659
389 -0.962018
390 -0.961377
391 -0.960737
392 -0.960096
393 -0.959452
394 -0.958805
395 -0.958151
396 -0.957489
397 -0.956812
398 -0.956117
399 -0.955399
