0 -1.590069
1 -1.589841
2 -1.589613
3 -1.589385
4 -1.589158
5 -1.588930
6 -1.588703
7 -1.588477
8 -1.588250
9 -1.588024
10 -1.587797
11 -1.587571
12 -1.587345
13 -1.587120
14 -1.586894
15 -1.586669
16 -1.586444
17 -1.586219
18 -1.585995
19 -1.585771
20 -1.585546
21 -1.585322
22 -1.585099
23 -1.584875
24 -1.584652
25 -1.584429
26 -1.584206
27 -1.583983
28 -1.583760
29 -1.583538
30 -1.583316
31 -1.583094
32 -1.582872
33 -1.582651
34 -1.582429
35 -1.582208
36 -1.581987
37 -1.581767
38 -1.581546
39 -1.581326
40 -1.581106
41 -1.580886
42 -1.580666
43 -1.580447
44 -1.580227
45 -1.580008
46 -1.579789
47 -1.579571
48 -1.579352
49 -1.579134
50 -1.578916
51 -1.578698
52 -1.578480
53 -1.578263
54 -1.578045
55 -1.577828
56 -1.577611
57 -1.577395
58 -1.577178
59 -1.576962
60 -1.576746
61 -1.576530
62 -1.576314
63 -1.576099
64 -1.575883
65 -1.575668
66 -1.575453
67 -1.575238
68 -1.575024
69 -1.574810
70 -1.574595
71 -1.574382
72 -1.574168
73 -1.573954
74 -1.573741
75 -1.573528
76 -1.573315
77 -1.573102
78 -1.572890
79 -1.572677
80 -1.572465
81 -1.572253
82 -1.572041
83 -1.571830
84 -1.571618
85 -1.571407
86 -1.571196
87 -1.570985
88 -1.570775
89 -1.570564
90 -1.570354
91 -1.570144
92 -1.569934
93 -1.569725
94 -1.569515
95 -1.569306
96 -1.569097
97 -1.568888
98 -1.568679
99 -1.568471
100 -1.568262
101 -1.568054
102 -1.567846
103 -1.567639
104 -1.567431
105 -1.567224
106 -1.567017
107 -1.566810
108 -1.566603
109 -1.566396
110 -1.566190
111 -1.565984
112 -1.565778
113 -1.565572
114 -1.565366
115 -1.565161
116 -1.564956
117 -1.564751
118 -1.564546
119 -1.564341
120 -1.564137
121 -1.563932
122 -1.563728
123 -1.563524
124 -1.563321
125 -1.563117
126 -1.562914
127 -1.562711
128 -1.562508
129 -1.562305
130 -1.562102
131 -1.561900
132 -1.561698
133 -1.561496
134 -1.561294
135 -1.561092
136 -1.560891
137 -1.560689
138 -1.560488
139 -1.560287
140 -1.560087
141 -1.559886
142 -1.559686
143 -1.559486
144 -1.559286
145 -1.559086
146 -1.558886
147 -1.558687
148 -1.558488
149 -1.558289
150 -1.558090
151 -1.557891
152 -1.557693
153 -1.557494
154 -1.557296
155 -1.557098
156 -1.556900
157 -1.556703
158 -1.556505
159 -1.556308
160 -1.556111
161 -1.555914
162 -1.555718
163 -1.555521
164 -1.555325
165 -1.555129
166 -1.554933
167 -1.554737
168 -1.554542
169 -1.554346
170 -1.554151
171 -1.553956
172 -1.553761
173 -1.553566
174 -1.553372
175 -1.553178
176 -1.552984
177 -1.552790
178 -1.552596
179 -1.552402
180 -1.552209
181 -1.552016
182 -1.551823
183 -1.551630
184 -1.551437
185 -1.551245
186 -1.551052
187 -1.550860
188 -1.550668
189 -1.550476
190 -1.550285
191 -1.550093
192 -1.549902
193 -1.549711
194 -1.549520
195 -1.549330
196 -1.549139
197 -1.548949
198 -1.548759
199 -1.548569
200 -1.548379
201 -1.548189
202 -1.548000
203 -1.547810
204 -1.547621
205 -1.547432
206 -1.547244
207 -1.547055
208 -1.546867
209 -1.546678
210 -1.546490
211 -1.546302
212 -1.546115
213 -1.545927
214 -1.545740
215 -1.545553
216 -1.545366
217 -1.545179
218 -1.544992
219 -1.544806
220 -1.544619
221 -1.544433
222 -1.544247
223 -1.544062
224 -1.543876
225 -1.543691
226 -1.543505
227 -1.543320
228 -1.543135
229 -1.542951
230 -1.542766
231 -1.542582
232 -1.542397
233 -1.542213
234 -1.542029
235 -1.541846
236 -1.541662
237 -1.541479
238 -1.541296
239 -1.541113
240 -1.540930
241 -1.540747
242 -1.540565
243 -1.540382
244 -1.540200
245 -1.540018
246 -1.539836
247 -1.539655
248 -1.539473
249 -1.539292
250 -1.539111
251 -1.538930
252 -1.538749
253 -1.538568
254 -1.538388
255 -1.538208
256 -1.538028
257 -1.537848
258 -1.537668
259 -1.537488
260 -1.537309
261 -1.537130
262 -1.536950
263 -1.536772
264 -1.536593
265 -1.536414
266 -1.536236
267 -1.536058
268 -1.535879
269 -1.535702
270 -1.535524
271 -1.535346
272 -1.535169
273 -1.534991
274 -1.534814
275 -1.534637
276 -1.534461
277 -1.534284
278 -1.534108
279 -1.533931
280 -1.533755
281 -1.533579
282 -1.533404
283 -1.533228
284 -1.533053
285 -1.532877
286 -1.532702
287 -1.532527
288 -1.532353
289 -1.532178
290 -1.532004
291 -1.531829
292 -1.531655
293 -1.531481
294 -1.531307
295 -1.531134
296 -1.530960
297 -1.530787
298 -1.530614
299 -1.530441
