0 314.387611
1 313.843579
2 313.300634
3 312.758775
4 312.217999
5 311.678304
6 311.139688
7 310.602149
8 310.065684
9 309.530292
10 308.995969
11 308.462715
12 307.930527
13 307.399403
14 306.869340
15 306.340337
16 305.812392
17 305.285502
18 304.759665
19 304.234879
20 303.711143
21 303.188453
22 302.666808
23 302.146206
24 301.626644
25 301.108122
26 300.590635
27 300.074184
28 299.558764
29 299.044375
30 298.531014
31 298.018680
32 297.507369
33 296.997081
34 296.487812
35 295.979562
36 295.472328
37 294.966107
38 294.460899
39 293.956701
40 293.453510
41 292.951325
42 292.450144
43 291.949965
44 291.450786
45 290.952605
46 290.455420
47 289.959228
48 289.464029
49 288.969819
50 288.476597
51 287.984361
52 287.493109
53 287.002839
54 286.513550
55 286.025238
56 285.537902
57 285.051541
58 284.566152
59 284.081733
60 283.598282
61 283.115798
62 282.634279
63 282.153721
64 281.674125
65 281.195487
66 280.717806
67 280.241080
68 279.765307
69 279.290485
70 278.816612
71 278.343687
72 277.871707
73 277.400670
74 276.930575
75 276.461420
76 275.993202
77 275.525921
78 275.059573
79 274.594158
80 274.129673
81 273.666117
82 273.203487
83 272.741782
84 272.281000
85 271.821139
86 271.362198
87 270.904173
88 270.447065
89 269.990870
90 269.535587
91 269.081214
92 268.627750
93 268.175192
94 267.723538
95 267.272788
96 266.822939
97 266.373988
98 265.925936
99 265.478779
100 265.032515
101 264.587144
102 264.142663
103 263.699071
104 263.256365
105 262.814545
106 262.373607
107 261.933551
108 261.494375
109 261.056077
110 260.618654
111 260.182107
112 259.746431
113 259.311627
114 258.877692
115 258.444624
116 258.012423
117 257.581085
118 257.150609
119 256.720994
120 256.292237
121 255.864338
122 255.437294
123 255.011104
124 254.585765
125 254.161277
126 253.737638
127 253.314845
128 252.892897
129 252.471793
130 252.051531
131 251.632109
132 251.213525
133 250.795778
134 250.378866
135 249.962788
136 249.547541
137 249.133124
138 248.719536
139 248.306775
140 247.894838
141 247.483725
142 247.073434
143 246.663963
144 246.255311
145 245.847475
146 245.440455
147 245.034249
148 244.628854
149 244.224270
150 243.820494
151 243.417526
152 243.015363
153 242.614004
154 242.213448
155 241.813692
156 241.414735
157 241.016576
158 240.619213
159 240.222644
160 239.826868
161 239.431883
162 239.037687
163 238.644280
164 238.251659
165 237.859822
166 237.468770
167 237.078498
168 236.689007
169 236.300295
170 235.912359
171 235.525199
172 235.138813
173 234.753200
174 234.368357
175 233.984283
176 233.600978
177 233.218438
178 232.836663
179 232.455652
180 232.075402
181 231.695912
182 231.317181
183 230.939207
184 230.561988
185 230.185523
186 229.809811
187 229.434850
188 229.060639
189 228.687176
190 228.314459
191 227.942487
192 227.571259
193 227.200773
194 226.831027
195 226.462021
196 226.093752
197 225.726220
198 225.359422
199 224.993357
200 224.628024
201 224.263422
202 223.899548
203 223.536402
204 223.173981
205 222.812285
206 222.451313
207 222.091061
208 221.731530
209 221.372718
210 221.014622
211 220.657243
212 220.300578
213 219.944626
214 219.589386
215 219.234855
216 218.881034
217 218.527919
218 218.175511
219 217.823807
220 217.472806
221 217.122507
222 216.772908
223 216.424007
224 216.075805
225 215.728298
226 215.381486
227 215.035367
228 214.689940
229 214.345204
230 214.001157
231 213.657797
232 213.315124
233 212.973136
234 212.631832
235 212.291210
236 211.951268
237 211.612007
238 211.273423
239 210.935516
240 210.598285
241 210.261728
242 209.925844
243 209.590631
244 209.256088
245 208.922214
246 208.589007
247 208.256467
248 207.924591
249 207.593379
250 207.262828
251 206.932939
252 206.603709
253 206.275137
254 205.947222
255 205.619962
256 205.293356
257 204.967404
258 204.642103
259 204.317452
260 203.993451
261 203.670096
262 203.347389
263 203.025326
264 202.703907
265 202.383131
266 202.062996
267 201.743501
268 201.424645
269 201.106426
270 200.788843
271 200.471895
272 200.155580
273 199.839898
274 199.524847
275 199.210426
276 198.896633
277 198.583468
278 198.270928
279 197.959013
280 197.647722
281 197.337053
282 197.027005
283 196.717577
284 196.408768
285 196.100575
286 195.792999
287 195.486038
288 195.179690
289 194.873955
290 194.568830
291 194.264316
292 193.960411
293 193.657113
294 193.354421
295 193.052334
296 192.750852
297 192.449972
298 192.149693
299 191.850015
