0 234.811917
1 205.782561
2 181.331603
3 161.059094
4 143.917001
5 129.303237
6 116.877585
7 106.390920
8 97.528416
9 89.809431
10 83.228512
11 77.631135
12 72.796248
13 68.640506
14 65.060365
15 61.952749
16 59.254554
17 56.911206
18 54.871799
19 53.093945
20 51.543116
21 50.194126
22 49.019867
23 47.996097
24 47.102869
25 46.322786
26 45.640379
27 45.041597
28 44.513441
29 44.044586
30 43.632796
31 43.281766
32 42.975018
33 42.705094
34 42.466993
35 42.256872
36 42.070860
37 41.905709
38 41.758810
39 41.631097
40 41.519901
41 41.421691
42 41.334504
43 41.256864
44 41.187674
45 41.125948
46 41.070651
47 41.020835
48 40.975722
49 40.934684
50 40.897209
51 40.862866
52 40.831270
53 40.802063
54 40.774916
55 40.749522
56 40.725594
57 40.702840
58 40.680938
59 40.659576
60 40.638730
61 40.618861
62 40.600230
63 40.582519
64 40.565357
65 40.548519
66 40.531804
67 40.514845
68 40.496668
69 40.476019
70 40.456018
71 40.432944
72 40.379381
73 40.271368
74 40.214491
75 40.175146
76 40.131829
77 40.089990
78 40.046684
79 40.030720
80 40.015187
81 39.999938
82 39.984836
83 39.969845
84 39.954939
85 39.940103
86 39.925322
87 39.910584
88 39.895875
89 39.881181
90 39.866484
91 39.851762
92 39.836983
93 39.822103
94 39.807064
95 39.791805
96 39.776277
97 39.760425
98 39.744091
99 39.726995
100 39.709292
101 39.692054
102 39.675665
103 39.659839
104 39.644401
105 39.629175
106 39.613995
107 39.598748
108 39.583399
109 39.568007
110 39.552695
111 39.537556
112 39.522594
113 39.507769
114 39.493036
115 39.478367
116 39.463746
117 39.449166
118 39.434627
119 39.420136
120 39.405701
121 39.391325
122 39.377006
123 39.362736
124 39.348502
125 39.334293
126 39.320098
127 39.305907
128 39.291711
129 39.277498
130 39.263253
131 39.248958
132 39.234585
133 39.220099
134 39.205457
135 39.190616
136 39.175568
137 39.160373
138 39.145142
139 39.129978
140 39.114961
141 39.100173
142 39.085669
143 39.071434
144 39.057412
145 39.043540
146 39.029776
147 39.016088
148 39.002459
149 38.988875
150 38.975327
151 38.961809
152 38.948314
153 38.934838
154 38.921376
155 38.907921
156 38.894468
157 38.881011
158 38.867543
159 38.854058
160 38.840551
161 38.827017
162 38.813454
163 38.799862
164 38.786241
165 38.772591
166 38.758911
167 38.745196
168 38.731435
169 38.717593
170 38.703548
171 38.688720
172 38.669101
173 38.619360
174 38.536743
175 38.520262
176 38.506051
177 38.492560
178 38.479165
179 38.465842
180 38.452583
181 38.439385
182 38.426243
183 38.413155
184 38.400117
185 38.387128
186 38.374186
187 38.361290
188 38.348440
189 38.335634
190 38.322873
191 38.310156
192 38.297482
193 38.284852
194 38.272265
195 38.259722
196 38.247223
197 38.234767
198 38.222354
199 38.209985
200 38.197659
201 38.185376
202 38.173136
203 38.160940
204 38.148786
205 38.136676
206 38.124608
207 38.112582
208 38.100599
209 38.088657
210 38.076758
211 38.064900
212 38.053084
213 38.041309
214 38.029574
215 38.017880
216 38.006226
217 37.994612
218 37.983037
219 37.971502
220 37.960005
221 37.948546
222 37.937126
223 37.925743
224 37.914397
225 37.903087
226 37.891814
227 37.880576
228 37.869372
229 37.858202
230 37.847066
231 37.835960
232 37.824886
233 37.813840
234 37.802820
235 37.791824
236 37.780847
237 37.769883
238 37.758927
239 37.747967
240 37.736990
241 37.725980
242 37.714914
243 37.703754
244 37.692417
245 37.680653
246 37.667550
247 37.648839
248 37.605829
249 37.553726
250 37.540325
251 37.528178
252 37.516329
253 37.504514
254 37.492716
255 37.480933
256 37.469160
257 37.457392
258 37.445625
259 37.433851
260 37.422062
261 37.410244
262 37.398380
263 37.386439
264 37.374376
265 37.362102
266 37.349449
267 37.336027
268 37.320661
269 37.296107
270 37.220977
271 37.194865
272 37.172852
273 37.165358
274 37.121481
275 37.134036
276 37.103858
277 37.080047
278 37.073515
279 37.054584
280 37.065665
281 37.017596
282 37.025646
283 36.993579
284 37.011423
285 36.950512
286 36.953000
287 36.935877
288 36.958717
289 36.886929
290 36.882440
291 36.873135
292 36.897571
293 36.834329
294 36.846335
295 36.824096
296 36.851537
297 36.757821
298 36.682646
299 36.874536
