0 141.341031
1 73.855334
2 56.279768
3 55.810072
4 45.529669
5 44.203796
6 42.393780
7 40.731318
8 40.143548
9 39.594152
10 39.325253
11 38.749904
12 38.412393
13 38.191370
14 38.453862
15 38.488897
16 38.273650
17 37.956602
18 37.868639
19 38.020747
20 38.002339
21 37.903623
22 37.910774
23 38.020817
24 37.992111
25 37.910259
26 37.923554
27 37.983957
28 37.654241
29 37.545291
30 37.731223
31 37.261459
32 37.173072
33 37.241685
34 37.314637
35 36.872459
36 37.554227
37 36.945032
38 36.680360
39 36.924265
40 37.252501
41 37.481015
42 37.317324
43 37.280674
44 37.184018
45 36.954340
46 36.893231
47 37.452784
48 37.234080
49 36.795561
50 36.684112
51 36.685281
52 36.984224
53 36.539265
54 36.641174
55 37.277449
56 37.122477
57 36.999047
58 37.056925
59 36.945877
60 36.838802
61 36.827407
62 36.804184
63 36.780053
64 36.859922
65 37.107958
66 37.070253
67 37.046425
68 37.021108
69 37.023150
70 36.959486
71 36.985330
72 36.936204
73 36.915973
74 36.880266
75 36.787137
76 36.819223
77 36.795373
78 36.774827
79 36.755899
80 36.738134
81 36.721250
82 36.705065
83 36.689455
84 36.674335
85 36.659645
86 36.645338
87 36.631379
88 36.617737
89 36.604381
90 36.591272
91 36.578287
92 36.563834
93 36.588121
94 36.371185
95 36.708622
96 36.202962
97 39.477033
98 35.992541
99 36.615644
100 36.098282
101 36.060110
102 35.978154
103 39.204506
104 36.150747
105 35.977657
106 36.688514
107 36.746278
108 36.536389
109 36.456384
110 37.017985
111 36.897946
112 36.948272
113 36.900410
114 36.476728
115 35.816598
116 36.498530
117 36.444624
118 36.531362
119 36.009787
120 36.014687
121 35.953845
122 35.937229
123 35.756094
124 35.642035
125 36.602146
126 36.029656
127 35.541876
128 36.496349
129 36.332640
130 36.275080
131 36.261046
132 36.236302
133 36.568376
134 36.257103
135 36.346603
136 36.172099
137 35.989108
138 35.924121
139 35.674607
140 39.155118
141 35.722224
142 35.790339
143 35.760046
144 35.880088
145 35.756356
146 35.675886
147 35.739740
148 35.675916
149 36.578189
150 35.719014
151 35.643558
152 35.735344
153 35.791515
154 36.345517
155 35.873208
156 35.647743
157 38.593633
158 37.186639
159 35.971767
160 38.039349
161 37.267577
162 37.187771
163 37.125507
164 37.137433
165 37.089057
166 37.078907
167 37.064443
168 37.079007
169 37.061449
170 37.003231
171 36.990383
172 37.052186
173 37.032518
174 37.021920
175 36.983019
176 37.015462
177 37.041017
178 37.027568
179 37.020003
180 37.006213
181 36.995520
182 36.976509
183 36.929373
184 36.876932
185 36.732279
186 36.732788
187 36.706502
188 36.604846
189 36.592397
190 36.802653
191 36.770795
192 36.746959
193 36.608920
194 36.716916
195 36.683924
196 36.599786
197 36.554079
198 36.526683
199 36.392765
200 36.497173
201 36.473658
202 36.449666
203 36.434508
204 36.415627
205 36.380772
206 36.394812
207 36.387127
208 36.368685
209 36.353988
210 36.340430
211 36.326699
212 36.311303
213 36.299090
214 36.286580
215 36.276276
216 36.261562
217 36.250657
218 36.240468
219 36.229242
220 36.216593
221 36.207234
222 36.189583
223 36.150590
224 35.966040
225 35.915284
226 35.916791
227 35.907435
228 35.984301
229 36.683730
230 35.991141
231 35.942801
232 35.944490
233 35.847575
234 35.923724
235 36.719212
236 35.904139
237 35.813045
238 35.790109
239 35.844201
240 35.839248
241 35.834243
242 35.877655
243 36.072608
244 36.047477
245 36.039067
246 36.029115
247 36.024530
248 36.018697
249 36.011330
250 35.999251
251 35.936853
252 35.757295
253 35.890366
254 35.973040
255 35.807631
256 35.787031
257 35.631338
258 35.624378
259 35.627785
260 35.629259
261 35.957766
262 35.929971
263 35.834358
264 35.740454
265 35.728351
266 35.599196
267 35.814167
268 35.867496
269 35.562863
270 35.523968
271 35.570674
272 35.855434
273 35.497180
274 35.489434
275 35.447557
276 35.964988
277 35.983780
278 35.959786
279 35.926338
280 35.982959
281 35.980575
282 36.003018
283 35.883826
284 35.559863
285 36.589062
286 35.759091
287 35.587990
288 35.475180
289 36.592623
290 35.688891
291 35.184914
292 35.455916
293 36.006741
294 35.482658
295 35.351543
296 36.229475
297 36.059884
298 35.637853
299 35.307308
