0 -1.322964
1 -1.329391
2 -1.335101
3 -1.340242
4 -1.344694
5 -1.348383
6 -1.354104
7 -1.362454
8 -1.378326
9 -1.388556
10 -1.394209
11 -1.397040
12 -1.398302
13 -1.398701
14 -1.370047
15 -1.424960
16 -1.422650
17 -1.420693
18 -1.419215
19 -1.418156
20 -1.417397
21 -1.416841
22 -1.416418
23 -1.416085
24 -1.415810
25 -1.415573
26 -1.415362
27 -1.415168
28 -1.414985
29 -1.414809
30 -1.414639
31 -1.414473
32 -1.414309
33 -1.414147
34 -1.413988
35 -1.413830
36 -1.413673
37 -1.413519
38 -1.413366
39 -1.413215
40 -1.413066
41 -1.412918
42 -1.412773
43 -1.412629
44 -1.412488
45 -1.412348
46 -1.412211
47 -1.412075
48 -1.411942
49 -1.411810
50 -1.411680
51 -1.411553
52 -1.411427
53 -1.411304
54 -1.411182
55 -1.411062
56 -1.410944
57 -1.410828
58 -1.410714
59 -1.410601
60 -1.410490
61 -1.410381
62 -1.410274
63 -1.410168
64 -1.410064
65 -1.409961
66 -1.409860
67 -1.409761
68 -1.409663
69 -1.409566
70 -1.409471
71 -1.409377
72 -1.409285
73 -1.409194
74 -1.409104
75 -1.409016
76 -1.408929
77 -1.408843
78 -1.408758
79 -1.408674
80 -1.408592
81 -1.408511
82 -1.408431
83 -1.408352
84 -1.408274
85 -1.408197
86 -1.408121
87 -1.408046
88 -1.407973
89 -1.407900
90 -1.407828
91 -1.407757
92 -1.407687
93 -1.407618
94 -1.407549
95 -1.407482
96 -1.407415
97 -1.407350
98 -1.407285
99 -1.407221
100 -1.407157
101 -1.407095
102 -1.407033
103 -1.406972
104 -1.406911
105 -1.406852
106 -1.406793
107 -1.406734
108 -1.406677
109 -1.406620
110 -1.406564
111 -1.406508
112 -1.406453
113 -1.406399
114 -1.406345
115 -1.406291
116 -1.406239
117 -1.406187
118 -1.406135
119 -1.406084
120 -1.406034
121 -1.405984
122 -1.405935
123 -1.405886
124 -1.405838
125 -1.405790
126 -1.405742
127 -1.405696
128 -1.405649
129 -1.405603
130 -1.405558
131 -1.405513
132 -1.405468
133 -1.405424
134 -1.405380
135 -1.405337
136 -1.405294
137 -1.405252
138 -1.405210
139 -1.405168
140 -1.405127
141 -1.405086
142 -1.405045
143 -1.405005
144 -1.404965
145 -1.404926
146 -1.404887
147 -1.404848
148 -1.404810
149 -1.404771
150 -1.404734
151 -1.404696
152 -1.404659
153 -1.404622
154 -1.404586
155 -1.404550
156 -1.404514
157 -1.404478
158 -1.404443
159 -1.404408
160 -1.404374
161 -1.404339
162 -1.404305
163 -1.404271
164 -1.404238
165 -1.404204
166 -1.404171
167 -1.404138
168 -1.404106
169 -1.404074
170 -1.404042
171 -1.404010
172 -1.403978
173 -1.403947
174 -1.403916
175 -1.403885
176 -1.403854
177 -1.403824
178 -1.403794
179 -1.403764
180 -1.403734
181 -1.403704
182 -1.403675
183 -1.403646
184 -1.403617
185 -1.403588
186 -1.403560
187 -1.403531
188 -1.403503
189 -1.403475
190 -1.403448
191 -1.403420
192 -1.403393
193 -1.403365
194 -1.403338
195 -1.403312
196 -1.403285
197 -1.403258
198 -1.403232
199 -1.403206
200 -1.403180
201 -1.403154
202 -1.403128
203 -1.403103
204 -1.403078
205 -1.403052
206 -1.403027
207 -1.403002
208 -1.402978
209 -1.402953
210 -1.402929
211 -1.402904
212 -1.402880
213 -1.402856
214 -1.402832
215 -1.402809
216 -1.402785
217 -1.402762
218 -1.402738
219 -1.402715
220 -1.402692
221 -1.402669
222 -1.402646
223 -1.402624
224 -1.402601
225 -1.402579
226 -1.402556
227 -1.402534
228 -1.402512
229 -1.402490
230 -1.402468
231 -1.402446
232 -1.402425
233 -1.402403
234 -1.402382
235 -1.402361
236 -1.402340
237 -1.402319
238 -1.402298
239 -1.402277
240 -1.402256
241 -1.402235
242 -1.402215
243 -1.402195
244 -1.402174
245 -1.402154
246 -1.402134
247 -1.402114
248 -1.402094
249 -1.402074
250 -1.402054
251 -1.402035
252 -1.402015
253 -1.401996
254 -1.401976
255 -1.401957
256 -1.401938
257 -1.401919
258 -1.401900
259 -1.401881
260 -1.401862
261 -1.401844
262 -1.401825
263 -1.401806
264 -1.401788
265 -1.401769
266 -1.401751
267 -1.401733
268 -1.401715
269 -1.401697
270 -1.401679
271 -1.401661
272 -1.401643
273 -1.401625
274 -1.401608
275 -1.401590
276 -1.401572
277 -1.401555
278 -1.401538
279 -1.401520
280 -1.401503
281 -1.401486
282 -1.401469
283 -1.401452
284 -1.401435
285 -1.401418
286 -1.401401
287 -1.401384
288 -1.401368
289 -1.401351
290 -1.401334
291 -1.401318
292 -1.401302
293 -1.401285
294 -1.401269
295 -1.401253
296 -1.401237
297 -1.401221
298 -1.401204
299 -1.401189
